8.992236328125000000e+02 2.454009277343750000e+03
9.008456420898437500e+02 2.428742919921875000e+03
9.024675292968750000e+02 2.459273193359375000e+03
9.040893554687500000e+02 2.439270507812500000e+03
9.057110595703125000e+02 2.439270507812500000e+03
9.073326416015625000e+02 2.421373535156250000e+03
9.089541625976562500e+02 2.461378906250000000e+03
9.105755004882812500e+02 2.434006835937500000e+03
9.121967773437500000e+02 2.452956542968750000e+03
9.138179321289062500e+02 2.442428955078125000e+03
9.154390258789062500e+02 2.446639892578125000e+03
9.170599365234375000e+02 2.452956542968750000e+03
9.186807861328125000e+02 2.465589843750000000e+03
9.203015136718750000e+02 2.442428955078125000e+03
9.219221191406250000e+02 2.476117675781250000e+03
9.235426635742187500e+02 2.432953857421875000e+03
9.251630249023437500e+02 2.461378906250000000e+03
9.267833251953125000e+02 2.444534423828125000e+03
9.284035034179687500e+02 2.469801025390625000e+03
9.300235595703125000e+02 2.429795654296875000e+03
9.316435546875000000e+02 2.445587158203125000e+03
9.332633666992187500e+02 2.459273193359375000e+03
9.348831176757812500e+02 2.442428955078125000e+03
9.365027465820312500e+02 2.440323486328125000e+03
9.381222534179687500e+02 2.452956542968750000e+03
9.397416381835937500e+02 2.436112304687500000e+03
9.413609008789062500e+02 2.471906494140625000e+03
9.429801025390625000e+02 2.449798339843750000e+03
9.445991210937500000e+02 2.451903808593750000e+03
9.462180786132812500e+02 2.429795654296875000e+03
9.478369140625000000e+02 2.459273193359375000e+03
9.494556274414062500e+02 2.435059570312500000e+03
9.510742187500000000e+02 2.474011962890625000e+03
9.526926879882812500e+02 2.439270507812500000e+03
9.543110351562500000e+02 2.442428955078125000e+03
9.559292602539062500e+02 2.442428955078125000e+03
9.575474243164062500e+02 2.447692871093750000e+03
9.591654052734375000e+02 2.468748291015625000e+03
9.607833251953125000e+02 2.466642578125000000e+03
9.624011230468750000e+02 2.429795654296875000e+03
9.640187377929687500e+02 2.471906494140625000e+03
9.656362915039062500e+02 2.430848388671875000e+03
9.672537231445312500e+02 2.455062255859375000e+03
9.688710327148437500e+02 2.434006835937500000e+03
9.704882202148437500e+02 2.459273193359375000e+03
9.721052856445312500e+02 2.427690185546875000e+03
9.737222290039062500e+02 2.465589843750000000e+03
9.753390502929687500e+02 2.436112304687500000e+03
9.769557495117187500e+02 2.450851074218750000e+03
9.785723266601562500e+02 2.423479003906250000e+03
9.801887817382812500e+02 2.471906494140625000e+03
9.818051147460937500e+02 2.414004150390625000e+03
9.834213256835937500e+02 2.471906494140625000e+03
9.850374145507812500e+02 2.419268066406250000e+03
9.866533813476562500e+02 2.454009277343750000e+03
9.882692871093750000e+02 2.421373535156250000e+03
9.898850097656250000e+02 2.461378906250000000e+03
9.915006103515625000e+02 2.445587158203125000e+03
9.931160888671875000e+02 2.452956542968750000e+03
9.947314453125000000e+02 2.431901123046875000e+03
9.963466796875000000e+02 2.460325927734375000e+03
9.979617309570312500e+02 2.421373535156250000e+03
9.995767211914062500e+02 2.460325927734375000e+03
1.001191589355468750e+03 2.419268066406250000e+03
1.002806335449218750e+03 2.446639892578125000e+03
1.004420898437500000e+03 2.462431640625000000e+03
1.006035400390625000e+03 2.438217773437500000e+03
1.007649719238281250e+03 2.431901123046875000e+03
1.009263977050781250e+03 2.438217773437500000e+03
1.010878051757812500e+03 2.424531738281250000e+03
1.012492004394531250e+03 2.443481689453125000e+03
1.014105834960937500e+03 2.423479003906250000e+03
1.015719543457031250e+03 2.448745605468750000e+03
1.017333129882812500e+03 2.417162353515625000e+03
1.018946594238281250e+03 2.454009277343750000e+03
1.020559936523437500e+03 2.429795654296875000e+03
1.022173095703125000e+03 2.446639892578125000e+03
1.023786193847656250e+03 2.442428955078125000e+03
1.025399169921875000e+03 2.443481689453125000e+03
1.027011962890625000e+03 2.446639892578125000e+03
1.028624633789062500e+03 2.446639892578125000e+03
1.030237060546875000e+03 2.409792968750000000e+03
1.031849487304687500e+03 2.455062255859375000e+03
1.033461791992187500e+03 2.434006835937500000e+03
1.035073974609375000e+03 2.444534423828125000e+03
1.036685913085937500e+03 2.435059570312500000e+03
1.038297851562500000e+03 2.457167724609375000e+03
1.039909545898437500e+03 2.432953857421875000e+03
1.041521118164062500e+03 2.463484375000000000e+03
1.043132690429687500e+03 2.425584472656250000e+03
1.044744018554687500e+03 2.446639892578125000e+03
1.046355224609375000e+03 2.429795654296875000e+03
1.047966308593750000e+03 2.459273193359375000e+03
1.049577148437500000e+03 2.412951416015625000e+03
1.051187988281250000e+03 2.450851074218750000e+03
1.052798706054687500e+03 2.424531738281250000e+03
1.054409179687500000e+03 2.467695312500000000e+03
1.056019531250000000e+03 2.417162353515625000e+03
1.057629760742187500e+03 2.443481689453125000e+03
1.059239868164062500e+03 2.423479003906250000e+03
1.060849853515625000e+03 2.456114990234375000e+03
1.062459716796875000e+03 2.423479003906250000e+03
1.064069458007812500e+03 2.469801025390625000e+03
1.065678955078125000e+03 2.419268066406250000e+03
1.067288452148437500e+03 2.465589843750000000e+03
1.068897705078125000e+03 2.426637451171875000e+03
1.070506835937500000e+03 2.464537109375000000e+03
1.072115844726562500e+03 2.438217773437500000e+03
1.073724731445312500e+03 2.464537109375000000e+03
1.075333374023437500e+03 2.422426269531250000e+03
1.076942016601562500e+03 2.440323486328125000e+03
1.078550415039062500e+03 2.450851074218750000e+03
1.080158691406250000e+03 2.439270507812500000e+03
1.081766845703125000e+03 2.452956542968750000e+03
1.083374877929687500e+03 2.438217773437500000e+03
1.084982788085937500e+03 2.452956542968750000e+03
1.086590454101562500e+03 2.434006835937500000e+03
1.088198120117187500e+03 2.415056884765625000e+03
1.089805541992187500e+03 2.457167724609375000e+03
1.091412841796875000e+03 2.432953857421875000e+03
1.093020019531250000e+03 2.457167724609375000e+03
1.094626953125000000e+03 2.444534423828125000e+03
1.096233886718750000e+03 2.452956542968750000e+03
1.097840576171875000e+03 2.432953857421875000e+03
1.099447143554687500e+03 2.447692871093750000e+03
1.101053588867187500e+03 2.429795654296875000e+03
1.102659790039062500e+03 2.440323486328125000e+03
1.104265991210937500e+03 2.425584472656250000e+03
1.105871948242187500e+03 2.434006835937500000e+03
1.107477783203125000e+03 2.446639892578125000e+03
1.109083496093750000e+03 2.446639892578125000e+03
1.110688964843750000e+03 2.442428955078125000e+03
1.112294433593750000e+03 2.434006835937500000e+03
1.113899658203125000e+03 2.436112304687500000e+03
1.115504760742187500e+03 2.450851074218750000e+03
1.117109619140625000e+03 2.427690185546875000e+03
1.118714477539062500e+03 2.461378906250000000e+03
1.120319091796875000e+03 2.432953857421875000e+03
1.121923583984375000e+03 2.451903808593750000e+03
1.123527954101562500e+03 2.425584472656250000e+03
1.125132202148437500e+03 2.455062255859375000e+03
1.126736206054687500e+03 2.414004150390625000e+03
1.128340087890625000e+03 2.454009277343750000e+03
1.129943847656250000e+03 2.415056884765625000e+03
1.131547363281250000e+03 2.458220458984375000e+03
1.133150878906250000e+03 2.411898437500000000e+03
1.134754150390625000e+03 2.462431640625000000e+03
1.136357299804687500e+03 2.419268066406250000e+03
1.137960205078125000e+03 2.451903808593750000e+03
1.139562988281250000e+03 2.434006835937500000e+03
1.141165649414062500e+03 2.446639892578125000e+03
1.142768188476562500e+03 2.423479003906250000e+03
1.144370605468750000e+03 2.427690185546875000e+03
1.145972778320312500e+03 2.431901123046875000e+03
1.147574829101562500e+03 2.457167724609375000e+03
1.149176757812500000e+03 2.427690185546875000e+03
1.150778442382812500e+03 2.467695312500000000e+03
1.152380004882812500e+03 2.425584472656250000e+03
1.153981445312500000e+03 2.457167724609375000e+03
1.155582641601562500e+03 2.425584472656250000e+03
1.157183837890625000e+03 2.456114990234375000e+03
1.158784790039062500e+03 2.415056884765625000e+03
1.160385498046875000e+03 2.444534423828125000e+03
1.161986206054687500e+03 2.427690185546875000e+03
1.163586669921875000e+03 2.438217773437500000e+03
1.165186889648437500e+03 2.427690185546875000e+03
1.166787109375000000e+03 2.442428955078125000e+03
1.168387084960937500e+03 2.421373535156250000e+03
1.169986938476562500e+03 2.445587158203125000e+03
1.171586547851562500e+03 2.424531738281250000e+03
1.173186035156250000e+03 2.449798339843750000e+03
1.174785400390625000e+03 2.426637451171875000e+03
1.176384643554687500e+03 2.455062255859375000e+03
1.177983642578125000e+03 2.410845703125000000e+03
1.179582519531250000e+03 2.448745605468750000e+03
1.181181152343750000e+03 2.401370849609375000e+03
1.182779785156250000e+03 2.452956542968750000e+03
1.184378173828125000e+03 2.398212646484375000e+03
1.185976318359375000e+03 2.443481689453125000e+03
1.187574340820312500e+03 2.426637451171875000e+03
1.189172241210937500e+03 2.440323486328125000e+03
1.190770019531250000e+03 2.424531738281250000e+03
1.192367553710937500e+03 2.443481689453125000e+03
1.193964965820312500e+03 2.419268066406250000e+03
1.195562133789062500e+03 2.438217773437500000e+03
1.197159179687500000e+03 2.426637451171875000e+03
1.198756103515625000e+03 2.442428955078125000e+03
1.200352783203125000e+03 2.412951416015625000e+03
1.201949340820312500e+03 2.434006835937500000e+03
1.203545776367187500e+03 2.430848388671875000e+03
1.205141967773437500e+03 2.417162353515625000e+03
1.206738037109375000e+03 2.434006835937500000e+03
1.208333862304687500e+03 2.430848388671875000e+03
1.209929687500000000e+03 2.420320800781250000e+03
1.211525146484375000e+03 2.438217773437500000e+03
1.213120605468750000e+03 2.429795654296875000e+03
1.214715820312500000e+03 2.439270507812500000e+03
1.216310791015625000e+03 2.409792968750000000e+03
1.217905639648437500e+03 2.447692871093750000e+03
1.219500366210937500e+03 2.419268066406250000e+03
1.221094970703125000e+03 2.435059570312500000e+03
1.222689208984375000e+03 2.427690185546875000e+03
1.224283447265625000e+03 2.446639892578125000e+03
1.225877441406250000e+03 2.419268066406250000e+03
1.227471313476562500e+03 2.462431640625000000e+03
1.229064941406250000e+03 2.411898437500000000e+03
1.230658447265625000e+03 2.426637451171875000e+03
1.232251831054687500e+03 2.441376220703125000e+03
1.233844970703125000e+03 2.427690185546875000e+03
1.235437866210937500e+03 2.423479003906250000e+03
1.237030761718750000e+03 2.435059570312500000e+03
1.238623413085937500e+03 2.424531738281250000e+03
1.240215820312500000e+03 2.444534423828125000e+03
1.241808105468750000e+03 2.424531738281250000e+03
1.243400146484375000e+03 2.444534423828125000e+03
1.244992065429687500e+03 2.425584472656250000e+03
1.246583862304687500e+03 2.435059570312500000e+03
1.248175415039062500e+03 2.429795654296875000e+03
1.249766845703125000e+03 2.452956542968750000e+03
1.251358032226562500e+03 2.417162353515625000e+03
1.252949096679687500e+03 2.425584472656250000e+03
1.254539916992187500e+03 2.440323486328125000e+03
1.256130615234375000e+03 2.427690185546875000e+03
1.257721191406250000e+03 2.412951416015625000e+03
1.259311523437500000e+03 2.432953857421875000e+03
1.260901611328125000e+03 2.423479003906250000e+03
1.262491577148437500e+03 2.424531738281250000e+03
1.264081420898437500e+03 2.429795654296875000e+03
1.265671020507812500e+03 2.435059570312500000e+03
1.267260498046875000e+03 2.419268066406250000e+03
1.268849731445312500e+03 2.436112304687500000e+03
1.270438720703125000e+03 2.427690185546875000e+03
1.272027709960937500e+03 2.440323486328125000e+03
1.273616333007812500e+03 2.429795654296875000e+03
1.275204833984375000e+03 2.431901123046875000e+03
1.276793212890625000e+03 2.405582031250000000e+03
1.278381347656250000e+03 2.424531738281250000e+03
1.279969360351562500e+03 2.431901123046875000e+03
1.281557128906250000e+03 2.434006835937500000e+03
1.283144775390625000e+03 2.437165039062500000e+03
1.284732177734375000e+03 2.425584472656250000e+03
1.286319458007812500e+03 2.423479003906250000e+03
1.287906494140625000e+03 2.440323486328125000e+03
1.289493408203125000e+03 2.434006835937500000e+03
1.291080078125000000e+03 2.441376220703125000e+03
1.292666503906250000e+03 2.429795654296875000e+03
1.294252807617187500e+03 2.430848388671875000e+03
1.295838989257812500e+03 2.406634765625000000e+03
1.297424926757812500e+03 2.439270507812500000e+03
1.299010620117187500e+03 2.414004150390625000e+03
1.300596191406250000e+03 2.427690185546875000e+03
1.302181640625000000e+03 2.429795654296875000e+03
1.303766845703125000e+03 2.431901123046875000e+03
1.305351806640625000e+03 2.403476318359375000e+03
1.306936645507812500e+03 2.444534423828125000e+03
1.308521240234375000e+03 2.436112304687500000e+03
1.310105712890625000e+03 2.426637451171875000e+03
1.311689941406250000e+03 2.426637451171875000e+03
1.313274047851562500e+03 2.442428955078125000e+03
1.314857910156250000e+03 2.436112304687500000e+03
1.316441528320312500e+03 2.438217773437500000e+03
1.318025024414062500e+03 2.421373535156250000e+03
1.319608276367187500e+03 2.445587158203125000e+03
1.321191406250000000e+03 2.425584472656250000e+03
1.322774291992187500e+03 2.438217773437500000e+03
1.324357055664062500e+03 2.425584472656250000e+03
1.325939575195312500e+03 2.442428955078125000e+03
1.327521850585937500e+03 2.423479003906250000e+03
1.329104003906250000e+03 2.440323486328125000e+03
1.330685913085937500e+03 2.392948730468750000e+03
1.332267700195312500e+03 2.423479003906250000e+03
1.333849243164062500e+03 2.422426269531250000e+03
1.335430664062500000e+03 2.421373535156250000e+03
1.337011840820312500e+03 2.431901123046875000e+03
1.338592773437500000e+03 2.429795654296875000e+03
1.340173583984375000e+03 2.427690185546875000e+03
1.341754150390625000e+03 2.427690185546875000e+03
1.343334472656250000e+03 2.418215087890625000e+03
1.344914672851562500e+03 2.436112304687500000e+03
1.346494750976562500e+03 2.432953857421875000e+03
1.348074462890625000e+03 2.423479003906250000e+03
1.349654052734375000e+03 2.425584472656250000e+03
1.351233520507812500e+03 2.452956542968750000e+03
1.352812622070312500e+03 2.457167724609375000e+03
1.354391723632812500e+03 2.424531738281250000e+03
1.355970458984375000e+03 2.394001464843750000e+03
1.357549072265625000e+03 2.444534423828125000e+03
1.359127441406250000e+03 2.391895996093750000e+03
1.360705688476562500e+03 2.440323486328125000e+03
1.362283691406250000e+03 2.417162353515625000e+03
1.363861450195312500e+03 2.431901123046875000e+03
1.365439086914062500e+03 2.417162353515625000e+03
1.367016479492187500e+03 2.431901123046875000e+03
1.368593750000000000e+03 2.416109619140625000e+03
1.370170654296875000e+03 2.421373535156250000e+03
1.371747436523437500e+03 2.410845703125000000e+03
1.373324096679687500e+03 2.419268066406250000e+03
1.374900512695312500e+03 2.408740234375000000e+03
1.376476684570312500e+03 2.436112304687500000e+03
1.378052612304687500e+03 2.406634765625000000e+03
1.379628417968750000e+03 2.421373535156250000e+03
1.381203979492187500e+03 2.418215087890625000e+03
1.382779296875000000e+03 2.427690185546875000e+03
1.384354492187500000e+03 2.427690185546875000e+03
1.385929443359375000e+03 2.422426269531250000e+03
1.387504272460937500e+03 2.415056884765625000e+03
1.389078735351562500e+03 2.444534423828125000e+03
1.390653076171875000e+03 2.417162353515625000e+03
1.392227294921875000e+03 2.425584472656250000e+03
1.393801147460937500e+03 2.441376220703125000e+03
1.395374877929687500e+03 2.438217773437500000e+03
1.396948486328125000e+03 2.424531738281250000e+03
1.398521728515625000e+03 2.415056884765625000e+03
1.400094848632812500e+03 2.436112304687500000e+03
1.401667724609375000e+03 2.425584472656250000e+03
1.403240356445312500e+03 2.440323486328125000e+03
1.404812866210937500e+03 2.417162353515625000e+03
1.406385131835937500e+03 2.421373535156250000e+03
1.407957153320312500e+03 2.431901123046875000e+03
1.409529052734375000e+03 2.419268066406250000e+03
1.411100708007812500e+03 2.441376220703125000e+03
1.412672119140625000e+03 2.414004150390625000e+03
1.414243286132812500e+03 2.415056884765625000e+03
1.415814331054687500e+03 2.421373535156250000e+03
1.417385131835937500e+03 2.429795654296875000e+03
1.418955688476562500e+03 2.421373535156250000e+03
1.420526000976562500e+03 2.431901123046875000e+03
1.422096191406250000e+03 2.431901123046875000e+03
1.423666137695312500e+03 2.424531738281250000e+03
1.425235839843750000e+03 2.434006835937500000e+03
1.426805297851562500e+03 2.420320800781250000e+03
1.428374633789062500e+03 2.427690185546875000e+03
1.429943725585937500e+03 2.418215087890625000e+03
1.431512573242187500e+03 2.414004150390625000e+03
1.433081298828125000e+03 2.443481689453125000e+03
1.434649658203125000e+03 2.418215087890625000e+03
1.436217895507812500e+03 2.423479003906250000e+03
1.437785888671875000e+03 2.408740234375000000e+03
1.439353637695312500e+03 2.437165039062500000e+03
1.440921264648437500e+03 2.423479003906250000e+03
1.442488647460937500e+03 2.434006835937500000e+03
1.444055786132812500e+03 2.425584472656250000e+03
1.445622680664062500e+03 2.423479003906250000e+03
1.447189331054687500e+03 2.401370849609375000e+03
1.448755859375000000e+03 2.419268066406250000e+03
1.450322143554687500e+03 2.423479003906250000e+03
1.451888183593750000e+03 2.438217773437500000e+03
1.453453979492187500e+03 2.417162353515625000e+03
1.455019531250000000e+03 2.421373535156250000e+03
1.456584960937500000e+03 2.419268066406250000e+03
1.458150146484375000e+03 2.421373535156250000e+03
1.459715087890625000e+03 2.436112304687500000e+03
1.461279785156250000e+03 2.418215087890625000e+03
1.462844360351562500e+03 2.427690185546875000e+03
1.464408569335937500e+03 2.427690185546875000e+03
1.465972656250000000e+03 2.429795654296875000e+03
1.467536499023437500e+03 2.426637451171875000e+03
1.469100097656250000e+03 2.425584472656250000e+03
1.470663452148437500e+03 2.408740234375000000e+03
1.472226684570312500e+03 2.431901123046875000e+03
1.473789550781250000e+03 2.428742919921875000e+03
1.475352294921875000e+03 2.415056884765625000e+03
1.476914794921875000e+03 2.426637451171875000e+03
1.478477050781250000e+03 2.419268066406250000e+03
1.480039184570312500e+03 2.431901123046875000e+03
1.481600952148437500e+03 2.414004150390625000e+03
1.483162597656250000e+03 2.418215087890625000e+03
1.484723876953125000e+03 2.430848388671875000e+03
1.486285034179687500e+03 2.421373535156250000e+03
1.487845947265625000e+03 2.423479003906250000e+03
1.489406616210937500e+03 2.431901123046875000e+03
1.490967163085937500e+03 2.427690185546875000e+03
1.492527343750000000e+03 2.412951416015625000e+03
1.494087402343750000e+03 2.418215087890625000e+03
1.495647094726562500e+03 2.435059570312500000e+03
1.497206665039062500e+03 2.421373535156250000e+03
1.498765991210937500e+03 2.404529052734375000e+03
1.500325073242187500e+03 2.412951416015625000e+03
1.501883911132812500e+03 2.425584472656250000e+03
1.503442626953125000e+03 2.399265380859375000e+03
1.505000976562500000e+03 2.427690185546875000e+03
1.506559204101562500e+03 2.419268066406250000e+03
1.508117065429687500e+03 2.423479003906250000e+03
1.509674804687500000e+03 2.417162353515625000e+03
1.511232299804687500e+03 2.429795654296875000e+03
1.512789550781250000e+03 2.410845703125000000e+03
1.514346557617187500e+03 2.436112304687500000e+03
1.515903320312500000e+03 2.415056884765625000e+03
1.517459838867187500e+03 2.421373535156250000e+03
1.519016235351562500e+03 2.419268066406250000e+03
1.520572265625000000e+03 2.398212646484375000e+03
1.522128173828125000e+03 2.427690185546875000e+03
1.523683715820312500e+03 2.421373535156250000e+03
1.525239135742187500e+03 2.431901123046875000e+03
1.526794189453125000e+03 2.416109619140625000e+03
1.528349121093750000e+03 2.420320800781250000e+03
1.529903808593750000e+03 2.429795654296875000e+03
1.531458251953125000e+03 2.417162353515625000e+03
1.533012451171875000e+03 2.419268066406250000e+03
1.534566406250000000e+03 2.418215087890625000e+03
1.536120117187500000e+03 2.430848388671875000e+03
1.537673583984375000e+03 2.431901123046875000e+03
1.539226928710937500e+03 2.423479003906250000e+03
1.540779907226562500e+03 2.423479003906250000e+03
1.542332641601562500e+03 2.431901123046875000e+03
1.543885253906250000e+03 2.409792968750000000e+03
1.545437500000000000e+03 2.422426269531250000e+03
1.546989624023437500e+03 2.397159667968750000e+03
1.548541381835937500e+03 2.419268066406250000e+03
1.550093017578125000e+03 2.400318115234375000e+03
1.551644287109375000e+03 2.452956542968750000e+03
1.553195434570312500e+03 2.412951416015625000e+03
1.554746215820312500e+03 2.426637451171875000e+03
1.556296875000000000e+03 2.415056884765625000e+03
1.557847290039062500e+03 2.425584472656250000e+03
1.559397338867187500e+03 2.412951416015625000e+03
1.560947265625000000e+03 2.429795654296875000e+03
1.562496948242187500e+03 2.419268066406250000e+03
1.564046386718750000e+03 2.425584472656250000e+03
1.565595458984375000e+03 2.421373535156250000e+03
1.567144409179687500e+03 2.408740234375000000e+03
1.568693115234375000e+03 2.421373535156250000e+03
1.570241577148437500e+03 2.416109619140625000e+03
1.571789672851562500e+03 2.423479003906250000e+03
1.573337646484375000e+03 2.415056884765625000e+03
1.574885375976562500e+03 2.407687500000000000e+03
1.576432861328125000e+03 2.411898437500000000e+03
1.577979980468750000e+03 2.427690185546875000e+03
1.579526977539062500e+03 2.411898437500000000e+03
1.581073730468750000e+03 2.431901123046875000e+03
1.582620117187500000e+03 2.423479003906250000e+03
1.584166381835937500e+03 2.418215087890625000e+03
1.585712402343750000e+03 2.427690185546875000e+03
1.587258056640625000e+03 2.404529052734375000e+03
1.588803588867187500e+03 2.421373535156250000e+03
1.590348754882812500e+03 2.421373535156250000e+03
1.591893798828125000e+03 2.436112304687500000e+03
1.593438476562500000e+03 2.421373535156250000e+03
1.594982910156250000e+03 2.422426269531250000e+03
1.596527221679687500e+03 2.407687500000000000e+03
1.598071166992187500e+03 2.425584472656250000e+03
1.599614868164062500e+03 2.400318115234375000e+03
1.601158447265625000e+03 2.422426269531250000e+03
1.602701660156250000e+03 2.402423583984375000e+03
1.604244628906250000e+03 2.417162353515625000e+03
1.605787353515625000e+03 2.429795654296875000e+03
1.607329833984375000e+03 2.434006835937500000e+03
1.608872070312500000e+03 2.436112304687500000e+03
1.610413940429687500e+03 2.417162353515625000e+03
1.611955688476562500e+03 2.415056884765625000e+03
1.613497192382812500e+03 2.425584472656250000e+03
1.615038330078125000e+03 2.428742919921875000e+03
1.616579345703125000e+03 2.425584472656250000e+03
1.618119995117187500e+03 2.425584472656250000e+03
1.619660522460937500e+03 2.410845703125000000e+03
1.621200683593750000e+03 2.440323486328125000e+03
1.622740600585937500e+03 2.402423583984375000e+03
1.624280273437500000e+03 2.436112304687500000e+03
1.625819702148437500e+03 2.414004150390625000e+03
1.627358886718750000e+03 2.410845703125000000e+03
1.628897827148437500e+03 2.408740234375000000e+03
1.630436401367187500e+03 2.419268066406250000e+03
1.631974853515625000e+03 2.415056884765625000e+03
1.633512939453125000e+03 2.421373535156250000e+03
1.635050781250000000e+03 2.412951416015625000e+03
1.636588500976562500e+03 2.410845703125000000e+03
1.638125854492187500e+03 2.405582031250000000e+03
1.639662963867187500e+03 2.415056884765625000e+03
1.641199829101562500e+03 2.410845703125000000e+03
1.642736328125000000e+03 2.419268066406250000e+03
1.644272705078125000e+03 2.392948730468750000e+03
1.645808715820312500e+03 2.446639892578125000e+03
1.647344604492187500e+03 2.398212646484375000e+03
1.648880126953125000e+03 2.424531738281250000e+03
1.650415405273437500e+03 2.410845703125000000e+03
1.651950439453125000e+03 2.441376220703125000e+03
1.653485107421875000e+03 2.423479003906250000e+03
1.655019653320312500e+03 2.415056884765625000e+03
1.656553833007812500e+03 2.439270507812500000e+03
1.658087890625000000e+03 2.409792968750000000e+03
1.659621582031250000e+03 2.427690185546875000e+03
1.661155029296875000e+03 2.408740234375000000e+03
1.662688232421875000e+03 2.419268066406250000e+03
1.664221069335937500e+03 2.410845703125000000e+03
1.665753784179687500e+03 2.410845703125000000e+03
1.667286132812500000e+03 2.434006835937500000e+03
1.668818237304687500e+03 2.415056884765625000e+03
1.670350097656250000e+03 2.431901123046875000e+03
1.671881713867187500e+03 2.402423583984375000e+03
1.673412963867187500e+03 2.436112304687500000e+03
1.674944091796875000e+03 2.412951416015625000e+03
1.676474853515625000e+03 2.415056884765625000e+03
1.678005371093750000e+03 2.408740234375000000e+03
1.679535644531250000e+03 2.419268066406250000e+03
1.681065673828125000e+03 2.408740234375000000e+03
1.682595336914062500e+03 2.400318115234375000e+03
1.684124755859375000e+03 2.425584472656250000e+03
1.685653930664062500e+03 2.417162353515625000e+03
1.687182861328125000e+03 2.408740234375000000e+03
1.688711547851562500e+03 2.410845703125000000e+03
1.690239868164062500e+03 2.409792968750000000e+03
1.691767944335937500e+03 2.420320800781250000e+03
1.693295776367187500e+03 2.401370849609375000e+03
1.694823364257812500e+03 2.412951416015625000e+03
1.696350708007812500e+03 2.401370849609375000e+03
1.697877685546875000e+03 2.407687500000000000e+03
1.699404418945312500e+03 2.401370849609375000e+03
1.700930908203125000e+03 2.404529052734375000e+03
1.702457153320312500e+03 2.409792968750000000e+03
1.703983032226562500e+03 2.406634765625000000e+03
1.705508666992187500e+03 2.404529052734375000e+03
1.707034057617187500e+03 2.389790283203125000e+03
